c 255.319 1916.74 11.0454
c 607.925 1966.9 10.2172
c 2174.42 1807.68 13.9643
c 1755.33 2220.25 12.0086
c 2138.61 1728.69 15.5191
c 414.894 1282.77 9.19564
c 676.09 1127.68 9.81438
c 2191.55 2102.14 15.14
c 1586.65 891.548 14.675
c 880.818 2549.19 15.4441
c 1179.54 766.918 8.86718
c 1386.46 2171.2 8.63503
c 633.011 1303.49 12.6943
c 2199.38 1005.69 12.7356
c 444.846 814.534 14.4811
c 1031.54 2125 10.845
c 913.696 2291.9 14.455
c 1223.96 658.849 15.8856
c 1359.94 1193.75 8.31398
c 724.782 1454.35 9.60539
c 1291.81 2647.88 16.8007
c 1609.35 887.931 8.32316
c 796.567 2307.43 15.3661
c 747.895 2323.63 11.566
c 883.1 2152 8.95815
c 1138.52 728.154 14.8752
c 1660.55 2607.99 10.8079
c 2225.34 817.021 21.0475
c 1268.85 2345.22 8.4415
c 775.262 1230.17 10.8118
c 1801.21 2258.36 12.838
c 268.67 1908.93 16.8417
c 1794.19 2659.43 20.64
c 1772.21 2489.49 16.7701
c 475.68 880.762 20.3659
c 1613.85 987.681 13.6843
c 862.866 716.757 17.1038
c 827.446 1082.68 11.0713
c 2285.09 1415.39 15.5302
c 1344.86 681.153 13.2822
c 380.378 2581.94 17.7291
c 1859.02 762.614 15.6728
c 323.279 1711.09 16.802
c 2192.46 1050.77 16.6705
c 1709.45 2350.68 10.0706
c 2275.58 723.847 13.6728
c 1547.32 697.159 12.3031
c 271.065 1346.51 11.0463
c 754.595 685.792 16.987
c 1859.68 1637.65 10.9953
c 345.031 2145.54 10.8068
c 306.802 2234.1 18.4397
c 843.934 770.104 11.9586
c 284.389 896.647 21.0144
c 1033.97 2100.07 8.37516
c 798.568 1249.91 8.21589
c 1843.88 1351.31 10.8965
c 2276.83 1308.66 13.1332
c 1887.76 2423.09 16.7541
c 269.175 2235.99 14.1714
c 2132.76 1271.88 11.6377
c 1540.37 2250.8 9.12272
c 526.317 1248.45 10.2079
c 2258.96 777.063 18.6701
c 922.095 654.278 10.1262
c 469.685 2115.93 10.5387
c 1426.28 2447.59 13.069
c 807.709 1897.28 10.1782
c 343.114 2569.84 20.8424
c 1038.96 2350.49 12.46
c 1566.96 2423.87 9.95398
c 1961.41 1986.02 14.3225
c 1059.82 2117.36 11.0238
c 296.212 1726.72 14.6591
c 570.432 2177.83 9.76763
c 1625.85 696.805 13.3625
c 1671.47 2507.1 17.1625
c 2141.71 749.969 15.9841
c 1618.94 892.779 16.0159
c 966.427 1142.89 9.5138
c 414.583 2179.95 15.2708
c 376.968 2386.25 13.3123
c 1696.27 1047.21 9.34214
c 533.9 2221.06 11.8612
c 1810.26 1367.81 10.2527
c 615.784 1455.23 13.0208
c 2167.13 1686.57 15.1826
c 415.029 1518.79 12.8983
c 2080.92 1066.45 17.0589
c 1134.65 1055.71 8.57455
c 718.304 704.782 11.4348
c 1744.31 646.071 14.5323
c 2042.76 2331.77 14.1454
c 2008.54 2512.37 14.3257
c 932.823 1449.54 9.03988
c 2049.2 2426.17 11.4516
c 538.558 949.313 16.6903
c 1577.78 699.772 17.3518
c 2118.71 1834.08 9.05805
c 1119.1 803.56 16.0482
c 1601.07 2534.51 15.6285
c 513.741 2049.32 11.473
c 942.47 2426.13 14.8145
c 900.696 2089.39 9.40424
c 624.376 1010.25 15.6039
c 1727.95 1044.89 8.95772
c 409.929 1485.17 12.9681
c 1098.95 845.375 11.4277
c 674.176 1599.56 12.2704
c 279.586 1764.42 10.8788
c 1070.53 2526.77 8.75663
c 1721.45 2004.23 11.5899
c 559.991 2134.83 15.5425
c 322.623 882.659 17.9095
c 1379.06 2247.79 9.68041
c 1844.52 1826.75 10.8187
c 1816.65 683.805 13.2885
c 419.363 912.539 18.566
c 1247.9 1162.36 10.5887
c 2074.12 1063.19 17.8927
c 330.53 1185.71 12.9951
c 931.099 1020.14 9.22154
c 2171.57 878.038 16.6611
c 2268.86 1931.86 16.1126
c 1781.51 1662.65 9.57471
c 1493.41 2435.18 11.1377
c 1643.44 636.335 12.0848
c 1034.85 2668.18 19.5901
c 1738.8 1877.33 8.0728
c 769.164 736.974 13.1226
c 377.873 1279.84 17.4355
c 653.114 2573.66 12.9046
c 1272.75 2635.61 15.8005
c 2031.66 1522.36 14.7555
c 405.731 2328.61 14.2809
c 1150.32 1256.54 8.91152
c 2128.94 2395.58 11.698
c 860.931 832.265 12.4251
c 977.454 841.541 15.3698
c 591.427 2123.19 16.2679
c 1848.66 2067.86 7.98194
c 748.012 2241.79 8.63466
c 324.041 2279.97 17.6567
c 457.741 1298.55 8.96486
c 2040.01 1101.83 11.4964
c 1595.97 2480.39 15.7514
c 386.734 1287.66 11.8699
c 1643.8 2500.91 17.1327
c 1118.13 874.853 9.98767
c 2192.66 2362.69 12.8805
c 1455.92 715.042 14.911
c 2104.9 2319.95 10.6978
c 951.253 1108.64 9.0735
c 1845.9 2657.39 12.1542
c 2075.94 1110.56 11.3602
c 1412.34 656.297 15.7371
c 1366.32 2446.38 13.332
c 1951.8 1563.95 11.0742
c 1563.79 2120.35 9.5379
c 401.108 2152.85 12.801
c 276.648 1344.58 12.1389
c 2229.33 2572.02 20.7658
c 992.449 1932.12 8.52222
c 883.596 2324.61 11.2697
c 631.018 2476.21 14.096
c 475.886 2305.85 18.2927
c 663.793 2528.76 13.8418
c 2232.18 1560.22 16.9086
c 1111.43 2501.57 11.1859
c 1915.99 1491.59 9.71972
c 1329.66 2307.96 8.45608
c 813.769 1744.83 9.46057
c 498.56 1905.24 11.1312
c 321.816 1602.53 12.6677
c 1920.33 1095.91 12.6421
c 2236.17 1325.61 18.7372
c 2243.44 1068.1 14.3251
c 2096.11 1510.57 14.5118
c 1940.58 679.649 11.4099
c 2096.81 922.965 17.0549
c 329.641 2554.48 14.1752
c 1751.59 635.212 20.3091
c 562.54 2133.46 13.3845
c 681.362 2025.3 10.9124
c 480.958 1858.23 8.61078
c 1498.97 2190.76 10.56
c 805.565 2567.03 16.1715
c 2275.46 688.022 11.9493
c 451.477 2096.19 13.553
c 533.254 1566.35 9.93353
c 355.832 2118.84 11.2645
c 914.932 2664.52 18.4578
c 2073.72 2550.22 12.8239
c 1962.1 1339.71 8.27127
c 752.916 1020.86 9.28234
c 2264.46 1368.54 15.6859
c 307.82 969.762 13.1826
c 843.192 2574.4 13.429
c 304.692 1447.9 13.3508
c 1161.36 1104.17 9.20247
c 1050.36 2133.97 10.2878
c 740.332 1677.35 10.3944
c 1510.99 2183.86 11.0494
c 2014.54 1401.91 12.2548
c 1188.06 1042.63 10.133
c 637.68 2256.01 10.4183
c 940.292 2524.29 13.4288
c 769.553 1162.31 11.1328
c 1044.89 2066.38 10.2428
c 1382.74 980.389 12.1921
c 1926.44 1685.94 10.5853
c 1527.91 984.575 8.9793
c 630.894 2436.54 15.1957
c 1214.25 2614.13 15.4801
c 284.98 2656.02 21.0524
c 1595.01 634.967 19.2666
c 663.753 1867.14 9.69639
c 588.64 2197.14 10.7651
c 1620.74 2591.66 15.1413
c 2144.34 2226.06 14.8983
c 1897.94 2085.52 12.5653
c 1457.49 2620.53 13.1974
c 2107.34 2591.11 12.184
c 2265.55 1426.71 17.9728
c 1244.38 1022 10.419
c 1848.56 2527 18.758
c 2255.62 1746.45 10.8225
c 1866.62 2029.72 13.3344
c 2086.82 2324.23 13.2941
c 433.097 1229.71 16.998
c 346.775 857.998 15.953
c 1558.76 1304.48 9.59069
c 831.645 2302.79 13.0707
c 1250.14 2042.47 9.17111
c 493.911 1281.71 10.3476
c 2086.14 1075.31 16.7605
c 1036.53 2345.39 12.0896
c 1228.09 729.933 11.7409
c 2011.17 1902.79 8.88993
c 1646.69 2238.3 9.75832
c 787.796 1765.48 10.4003
c 491.081 649.651 22.0014
c 2128.83 2601.09 14.8852
c 1520.74 816.838 11.036
c 2077.9 1353.1 12.2006
c 1497.29 2385.49 15.2215
c 1677.95 1207.21 9.23666
c 1037.87 2358.71 10.166
c 1343.04 701.534 12.247
c 2018.72 2320.3 18.3962
c 1317.17 2546.53 15.0558
c 2139.06 1158.69 16.2565
c 353.13 1578.3 15.7799
c 1138.25 2325.46 9.99871
c 462.364 1480.16 10.002
c 1333.35 1036.36 12.151
c 1458.32 2369.05 11.3658
c 1960.48 2557.59 19.5909
c 2056.69 1976.55 15.0533
c 1773.24 1419.07 11.2826
c 2062.45 763.096 16.9113
c 965.321 915.924 12.9878
c 271.046 1040.24 19.914
c 1209.73 2143.41 8.66576
c 1259.77 705.633 10.1223
c 461.407 1709.34 10.9792
c 379.701 1401.3 13.8624
c 1752.66 2322.93 13.1406
c 2009.45 1586.53 11.5855
c 2216.47 679.64 22.8934
c 1175.3 856.948 13.8907
c 702.471 1840.06 8.75575
c 546.895 2347.3 13.2209
c 1744.62 1827.98 10.1358
c 1774.41 2655.28 17.6656
c 1967.88 2631.97 18.2765
c 853.199 1444.41 8.77739
c 1200.9 2618.42 9.30165
c 1201.66 1183.57 8.85833
c 919.501 1937.59 9.57135
c 561.999 1197.76 13.6143
c 1504.61 961.431 11.4756
c 828.794 1305.77 9.1151
c 513.433 950.19 19.1379
c 830.553 2308.53 15.423
c 999.649 2587.13 12.0205
c 2089.52 818.854 20.7311
c 1577.45 1244.01 9.0236
c 980.633 1216.22 9.73304
c 2027.8 1853.32 12.6211
