stroke 0.917647 0.960784 0.929412
c 255.16 1273.37 21.4292
c 1214.71 2238.84 32.7078
c 886.693 1335.27 14.922
c 2025.16 2445.12 16.9467
c 920.827 1780.77 7.41942
c 1737.79 1275.35 28.7228
c 1738.28 1372.79 23.6968
c 1840.73 1400.6 35.945
c 1464.01 1986.75 40.0895
c 643.272 2397.5 16.327
c 1827.47 911.876 6.28431
c 1509.89 2062.17 22.5831
c 772.454 953.701 9.41452
c 1647.24 1232.69 11.8171
c 773.405 2658.94 32.3954
c 932.176 758.965 8.03817
c 525.784 2488.72 23.8859
c 501.448 1476.82 35.6345
c 569.05 1391 45.1448
c 957.777 2638.99 7.6359
c 1240.17 1743.51 28.6244
c 761.926 1487.61 19.7722
c 515.131 930.083 11.8494
c 546.583 1178.28 29.633
c 612.807 2404.61 14.4852
c 1281.84 2289.46 27.8298
c 2044.6 2664.72 41.0243
c 2033.61 1559.74 28.1835
c 1385.34 1775.38 22.8964
c 1561.22 1876.34 13.9024
c 2290.05 1022.69 7.28503
c 317.689 1605.97 9.61021
c 289.139 1170.55 20.0131
c 1223.73 840.386 17.9799
c 2002.23 2510.34 29.4304
c 1704.7 1962.92 7.60952
c 1265.29 1696.92 12.748
c 1496.54 2083.75 19.2887
c 263.032 988.254 6.83505
c 300.016 2407.77 6.42841
c 1300.9 2452.05 6.67287
c 861.853 2042.98 6.80707
c 644.485 2385.03 9.57224
c 1546.78 1959.96 16.623
c 2285.92 969.331 6.22134
c 2091.38 1526.55 22.4937
c 1193.88 950.941 7.01776
c 1917.68 1440.4 37.44
c 1751.38 1187.63 17.7539
c 616.564 2312.88 8.43158
c 362.342 1372.97 22.2808
c 840.642 2558.8 15.3665
c 531.355 2283.64 7.58263
c 1319.06 1599.92 10.788
c 1666.98 2510.25 8.24322
c 1930.98 2546.94 22.0836
c 2128.21 2328.01 6.35572
c 657.412 1373.68 49.163
c 1432.72 2423.91 6.23306
c 940.424 663.402 10.6617
c 963.236 2588.55 7.17891
c 936.97 1781.39 8.93482
c 805.958 1013.07 12.5841
c 1354.79 2424.97 7.09623
c 315.984 1508.12 16.9339
c 2052.63 998.905 17.9155
c 1455.39 2062.62 42.0785
c 1211.07 2178.28 42.4404
c 1355.01 2094.4 46.9486
c 539.302 1213.61 34.4509
c 1167.96 1868.23 30.909
c 1506.65 667.391 16.8604
c 2019.65 1658.04 13.7408
c 1613.91 2059.77 14.6299
c 603.867 1080.51 31.7598
c 1936.39 1684.89 11.7197
c 1707.05 716.78 6.16885
c 1948.04 1582.25 17.3414
c 577.848 2379.7 10.7037
c 1459.69 820.125 14.3548
c 1892.89 955.016 15.6477
c 332.465 1057.59 19.6215
c 1287.29 2217.21 32.4238
c 662.765 1578.39 17.0359
c 2008.22 1317.12 57.294
c 1427.5 2402.41 7.01519
c 1837.03 2458.89 17.3096
c 1049.76 2248.38 13.7716
c 2055.83 1676.9 7.70129
c 410.274 1159.03 33.3327
c 1357.18 1791.27 24.3704
c 751.452 896.179 6.87926
c 1164.56 1866.59 42.4652
c 1312.77 1927.85 45.6066
c 1213.29 754.019 35.3933
c 2281.93 1280.93 26.9849
c 1894.2 2552.59 31.9728
c 1664.93 2669.09 14.0064
c 1712.9 1135.94 13.6782
c 1336.44 1974.92 41.0156
c 763.876 1632.81 8.49163
c 684.331 916.11 7.23349
c 2163.33 1076.18 30.2019
c 1722.66 1963.27 6.11755
c 1577.97 1751.13 8.22429
c 741.515 1167.29 29.2303
c 1653.67 1117.37 7.81985
c 2071.83 1348.93 29.21
c 289.52 1454.99 21.3587
c 356.371 964.277 7.0863
c 814.757 2033.94 6.59992
c 1147.51 865.915 16.0954
c 925.486 2575.19 9.11882
c 768.898 2401.22 7.54057
c 949.398 2585.46 5.98381
c 782.065 1330.5 22.1797
c 1623.13 1889.32 9.09719
c 849.656 1048.52 6.1006
c 2070.45 2663.7 28.8388
c 991.363 2047.77 22.7132
c 1830.66 1538.19 15.5934
c 739.943 1275.43 32.4907
c 2123.4 1096.98 24.3639
c 909.393 1375.18 9.94219
c 328.054 2411.42 8.80312
c 1285.82 2007.29 32.6845
c 1643.72 1281.06 16.8231
c 569.298 1477.31 36.8042
c 459.396 2599.38 27.3585
c 2263.59 1095.11 20.1126
c 1703.22 1565.78 7.07809
c 1889.34 2384.72 12.1098
c 792.33 2488.98 12.557
c 775.262 1235.83 23.4819
c 376.78 1267.62 27.549
c 288.408 1116.26 13.9003
c 2265.59 1997.81 7.40606
c 1249.22 849.048 22.4854
c 1097.79 1674.82 6.52265
c 894.822 1275.79 14.4571
c 705.095 1051.1 18.3662
c 1175.9 776.483 31.5366
c 974.131 2099.42 13.3781
c 2023.3 1652.61 16.5189
c 408.77 2401.73 13.6368
c 468.181 1327.65 49.2316
c 876.987 1410.38 11.626
c 530.282 2618.52 47.3191
c 814.225 1247.5 21.7711
c 353.238 1363.09 35.3265
c 1453.82 2240.14 20.0959
c 394.127 1098.17 20.0653
c 305.416 1374.42 17.4548
c 1604.97 2667.26 8.44463
c 1523.96 1845.43 19.1177
c 1259.73 2019.27 52.8927
c 1962.58 1122.32 25.9921
c 1301.41 799.881 27.5441
c 549.096 2622.2 31.2117
c 279.846 2058.95 6.44276
c 1732.82 1270.64 15.6352
c 497.666 1153.67 35.0615
c 1903 1406.93 44.9763
c 597.646 2597.14 41.8178
c 1532.28 896.156 6.49322
c 1669.95 1348.19 19.5612
c 1854.62 2394 7.60744
c 1754.62 2642.06 27.4915
c 925.007 632.484 12.7511
c 421.82 1413.57 36.3924
c 937.87 2630.83 7.28001
c 2219.67 1428.03 27.6972
c 1076.47 2377.76 6.16595
c 2201.17 2630.56 18.9288
c 1260.28 1028.35 7.02906
c 2080.81 1329.86 53.9336
c 1364.05 929.857 10.1741
c 1926.88 967.242 15.6031
c 752.57 1336.24 29.3115
c 1439.14 2197.06 26.1717
c 1394.46 1975.85 28.9198
c 572.428 1050.47 20.6107
c 645.767 1487.7 24.4601
c 1581.14 2126.53 16.0033
c 898.088 1090.07 7.21336
c 373.041 1659.83 7.14162
c 2211.91 1615.55 9.47382
c 887.87 723.419 7.48646
c 1928.46 1015.89 17.4431
c 1862.43 1033.81 25.2472
c 876.143 1507.74 7.74071
c 966.474 1938.6 14.1758
c 1666.43 1494.35 6.28334
c 581.551 1372.06 44.8355
c 926.738 1164.11 8.14169
c 624.39 1239.76 45.1544
c 786.086 1588.26 10.6738
c 304.065 1104.15 16.7116
c 1716.62 2497.73 10.5332
c 1806.73 1216.56 30.8763
c 1771.66 1288.3 27.6184
c 1378.68 2075.08 42.3754
c 1876.66 1499.52 29.1138
c 2127.74 2613.79 42.6967
c 2175.85 1303.27 43.7465
c 1158.72 1716.55 19.5268
c 1283.02 1855.12 33.5823
c 1752.36 1386.71 19.1286
c 358.203 1169.67 22.5277
c 2023.83 2496.47 22.2563
c 1235.74 654.82 40.0838
c 1498.74 2255.03 11.6954
c 2131.44 1630.98 14.072
c 1574.1 2057.2 17.1021
c 1747.95 2644.21 21.8246
c 929.776 1228.16 7.48266
c 1428.5 913.882 11.3573
c 1404.22 790.095 29.6882
c 542.776 2489.27 32.6489
c 627.325 1608.57 11.8179
c 1936.22 937.003 11.8266
c 617.816 923.11 15.0051
c 2161.4 1241.66 30.9886
c 1842.05 1234.03 32.9377
c 1113.22 1898.71 31.4313
c 1257.8 2293.51 17.4133
c 788.51 1539.43 12.6065
c 1368.9 927.993 7.65441
c 1285.71 2077.38 45.7856
c 1545.17 1337.39 7.64059
c 1967.5 2289.06 6.3292
