c 255.16 1273.37 15.8676
c 1214.71 2238.84 11.1798
c 962.735 2333.44 8.96961
c 886.693 1335.27 8.43838
c 1956.68 1993.58 8.93712
c 2025.16 2445.12 13.3634
c 1196.8 1179.35 10.2065
c 465.545 1898.84 13.4425
c 920.827 1780.77 8.63558
c 717.272 1718.46 9.08401
c 1737.79 1275.35 11.5691
c 1738.28 1372.79 9.68846
c 1840.73 1400.6 11.2747
c 1464.01 1986.75 8.55985
c 2247.19 817.845 18.6223
c 349.923 722.267 13.4875
c 643.272 2397.5 18.0971
c 1604.35 2480.95 12.7827
c 1759.48 644.425 19.2053
c 1827.47 911.876 11.5162
c 772.454 953.701 15.7731
c 1647.24 1232.69 8.13761
c 773.405 2658.94 19.8264
c 932.176 758.965 13.7993
c 525.784 2488.72 15.3236
c 501.448 1476.82 13.2772
c 569.05 1391 12.6201
c 2034.13 2227.89 14.0385
c 1716.76 679.077 13.35
c 957.777 2638.99 15.2393
c 761.926 1487.61 9.27496
c 515.131 930.083 12.8784
c 2111.2 2151.6 9.57985
c 546.583 1178.28 9.2716
c 612.807 2404.61 14.4937
c 1281.84 2289.46 12.2935
c 2044.6 2664.72 17.1109
c 2033.61 1559.74 14.4704
c 1954.42 808.841 14.395
c 2290.05 1022.69 14.279
c 317.689 1605.97 16.1728
c 2077.01 696.307 14.723
c 289.139 1170.55 14.5857
c 1223.73 840.386 10.4818
c 2002.23 2510.34 17.0506
c 1704.7 1962.92 8.80459
c 971.231 2326.32 11.5413
c 1878.68 812.007 14.6558
c 263.032 988.254 17.4124
c 1057.34 1133.83 11.3039
c 300.016 2407.77 17.5703
c 1300.9 2452.05 10.8838
c 549.467 700.052 12.6145
c 1820.02 2191.94 10.7113
c 269.695 763.324 16.4362
c 644.485 2385.03 11.558
c 2069.44 2010.65 15.4373
c 2285.92 969.331 18.6613
c 2091.38 1526.55 11.2822
c 1282.09 2453 9.155
c 1193.88 950.941 8.17522
c 1917.68 1440.4 11.5731
c 390.658 1959.22 10.0309
c 2276.98 1723.53 12.4452
c 588.547 642.139 11.3543
c 1751.38 1187.63 8.11712
c 616.564 2312.88 16.2046
c 362.342 1372.97 9.94469
c 840.642 2558.8 17.3707
c 531.355 2283.64 17.5906
c 1666.98 2510.25 16.6786
c 1823.06 2340.85 10.4761
c 1930.98 2546.94 11.5655
c 2128.21 2328.01 14.72
c 657.412 1373.68 13.697
c 275.606 2198.36 13.6308
c 1432.72 2423.91 12.2884
c 940.424 663.402 11.7432
c 963.236 2588.55 18.3313
c 2218.35 1709.98 15.3621
c 936.97 1781.39 8.72418
c 805.958 1013.07 15.6431
c 610.713 1906.44 9.07651
c 1354.79 2424.97 10.0265
c 315.984 1508.12 14.9652
c 1995.63 1858.6 8.49691
c 2052.63 998.905 12.5793
c 1455.39 2062.62 9.84893
c 1211.07 2178.28 10.8136
c 1872.58 2226.57 13.8222
c 1355.01 2094.4 9.00983
c 539.302 1213.61 10.0758
c 1506.65 667.391 10.1164
c 2019.65 1658.04 12.6852
c 851.47 934.992 14.1951
c 1613.91 2059.77 8.44317
c 1152.1 2548.08 13.6308
c 603.867 1080.51 13.7304
c 396.779 789.657 15.4884
c 1936.39 1684.89 13.0213
c 2206.85 2252.04 15.9638
c 1707.05 716.78 19.035
c 1948.04 1582.25 9.42906
c 384.37 2359.66 12.5709
c 1618.74 1528.06 8.38192
c 577.848 2379.7 12.1452
c 1459.69 820.125 11.5109
c 1892.89 955.016 15.368
c 2011.47 837.446 11.2335
c 332.465 1057.59 18.3021
c 676.977 1757.69 10.8543
c 1484.59 1114.78 12.0151
c 1287.29 2217.21 9.49058
c 662.765 1578.39 9.66694
c 2008.22 1317.12 15.5375
c 1841.63 2285.76 10.9045
c 1427.5 2402.41 10.8812
c 288.811 1776.33 12.2292
c 1837.03 2458.89 16.5247
c 1049.76 2248.38 9.01395
c 980.989 1089.14 11.3825
c 2055.83 1676.9 8.84509
c 410.274 1159.03 14.4532
c 1769.75 1833.89 8.67122
c 751.452 896.179 17.5003
c 593.049 825.071 11.4386
c 1213.29 754.019 15.2831
c 2281.93 1280.93 18.3957
c 2038.26 2166.33 12.0842
c 737.202 2126.26 9.39459
c 1894.2 2552.59 17.3784
c 1664.93 2669.09 15.2671
c 1721.83 2295.98 12.2025
c 1712.9 1135.94 9.22777
c 763.876 1632.81 10.2981
c 684.331 916.11 10.6581
c 2163.33 1076.18 19.5803
c 1722.66 1963.27 8.38334
c 1829.48 2011.92 8.77212
c 1711.14 2109.4 9.17669
c 741.515 1167.29 11.615
c 616.227 735.771 14.8865
c 1653.67 1117.37 8.56008
c 531.349 2196.23 15.2661
c 1443.21 1376.6 8.12762
c 2071.83 1348.93 8.7803
c 289.52 1454.99 17.4604
c 695.204 2106.55 14.0499
c 356.371 964.277 10.8861
c 814.757 2033.94 10.3011
c 1147.51 865.915 12.8558
c 1944.56 2282.51 14.1687
c 925.486 2575.19 18.0094
c 320.867 1978.83 15.7667
c 768.898 2401.22 14.2983
c 949.398 2585.46 13.7633
c 1706.57 752.426 15.5081
c 1223.83 2516.35 9.25829
c 855.459 672.521 13.1891
c 2070.45 2663.7 12.3474
c 2185.47 1890.28 10.0784
c 1853.67 643.148 14.3089
c 991.363 2047.77 8.71752
c 1830.66 1538.19 8.10076
c 739.943 1275.43 10.3011
c 2123.4 1096.98 12.4419
c 328.054 2411.42 18.7286
c 1242.16 2621.01 12.9373
c 1643.72 1281.06 10.8223
c 569.298 1477.31 12.636
c 459.396 2599.38 13.6742
c 712.063 1884.27 10.0054
c 599.925 2150.3 11.2786
c 2263.59 1095.11 20.2915
c 1703.22 1565.78 8.30014
c 1889.34 2384.72 15.3288
c 792.33 2488.98 15.006
c 534.385 2207.42 16.9225
c 775.262 1235.83 8.73001
c 376.78 1267.62 11.1006
c 288.408 1116.26 12.499
c 2107.67 1882.96 14.8239
c 1771.95 2124.32 9.19444
c 2265.59 1997.81 19.5438
c 1249.22 849.048 13.2876
c 2195.56 2090.29 18.2531
c 894.822 1275.79 8.74461
c 705.095 1051.1 10.9584
c 1175.9 776.483 15.6126
c 1312.32 2612.24 10.2263
c 2023.3 1652.61 14.7479
c 408.77 2401.73 19.1926
c 468.181 1327.65 14.9278
c 367.979 2264.12 10.6087
c 530.282 2618.52 20.6314
c 668.148 2292.42 10.3847
c 814.225 1247.5 9.18791
c 2285.23 1679.01 14.5229
c 353.238 1363.09 16.1729
c 1453.82 2240.14 9.80608
c 394.127 1098.17 11.4327
c 305.416 1374.42 10.304
c 1604.97 2667.26 14.2049
c 1164.36 2610.11 14.5511
c 1040.6 1257.47 8.02545
c 1747.93 2369.84 8.5986
c 550.281 2146.7 14.0391
c 2128.55 2004.85 9.33197
c 1259.73 2019.27 8.04913
c 1962.58 1122.32 9.46671
c 1301.41 799.881 13.2986
c 549.096 2622.2 13.3908
c 279.846 2058.95 17.2628
c 708.179 1887.08 11.3677
c 1672.68 2401.98 15.7113
c 497.666 1153.67 12.4181
c 663.777 2259.2 12.5338
c 1903 1406.93 13.0545
c 1134.77 1015.96 11.9947
c 1741.53 836.317 16.1217
c 1466.34 2463 13.175
c 597.646 2597.14 18.8937
c 1532.28 896.156 14.0278
c 1669.95 1348.19 10.7626
c 1854.62 2394 10.2273
c 1835.68 2315.44 15.8715
c 698.487 2197.16 11.2616
c 1838.87 805.195 13.2852
c 2110.72 2177.97 12.1146
c 1911.46 807.288 16.1562
c 1462.95 2553.27 11.4451
c 1754.62 2642.06 18.9672
c 1289.99 2663.01 13.5198
c 925.007 632.484 14.7778
c 459.377 2268.57 16.7116
c 421.82 1413.57 14.0035
c 937.87 2630.83 12.6856
c 2219.67 1428.03 16.2735
c 1076.47 2377.76 10.0121
c 856.244 1625.26 8.26455
c 2201.17 2630.56 11.9158
c 1260.28 1028.35 12.5206
c 1769.69 826.001 16.5193
c 2275.31 2208.23 16.8145
c 2080.81 1329.86 16.3323
c 1170.91 2497.12 13.8956
c 1364.05 929.857 10.5296
c 300.888 743.999 14.0138
c 1926.88 967.242 13.0759
c 1563.32 2486.4 11.4638
c 752.57 1336.24 9.47988
c 1439.14 2197.06 9.46024
c 2190.57 1872.65 17.0506
c 572.428 1050.47 10.1857
c 645.767 1487.7 8.83518
c 1581.14 2126.53 9.04936
c 1761.55 679.967 16.9203
c 898.088 1090.07 9.62851
c 2153.09 2286.39 16.0292
c 950.847 2454.15 14.2606
c 1541.4 1197.74 8.23248
c 373.041 1659.83 12.6253
c 2211.91 1615.55 14.7761
c 887.87 723.419 15.7598
c 935.908 2288.22 11.5482
c 1928.46 1015.89 10.6707
c 2186.45 2011.55 11.5003
c 1862.43 1033.81 15.8283
c 581.551 1372.06 12.1521
c 926.738 1164.11 8.54145
c 624.39 1239.76 12.4665
c 786.086 1588.26 10.1623
c 2217.03 1914.34 12.6849
c 304.065 1104.15 14.4376
c 1716.62 2497.73 15.6672
c 1806.73 1216.56 10.7998
c 1771.66 1288.3 9.71225
c 1378.68 2075.08 8.07181
c 1814.17 1853.18 8.82627
c 1876.66 1499.52 11.3995
c 2127.74 2613.79 22.3168
c 2175.85 1303.27 17.608
c 2034.12 2044.53 16.3316
c 958.857 2437.32 8.54913
c 1922.09 2107.83 11.5363
c 807.587 1883.3 8.9252
c 610.161 772.962 18.8029
c 757.386 667.816 16.184
c 358.203 1169.67 11.5793
c 317.351 2035.65 17.3308
c 2023.83 2496.47 13.8192
c 1235.74 654.82 14.0779
c 715.151 743.474 18.8425
c 1608.83 2281.77 10.9092
c 1420.95 2508.65 14.3197
c 2019.81 2248.99 12.9739
c 1014.7 2662.64 13.2463
c 2131.44 1630.98 15.2212
c 1747.95 2644.21 15.4792
c 708.304 1947.83 8.28402
c 1748.33 906.783 11.4497
c 1607.25 2303.79 14.2021
c 1428.5 913.882 13.7133
c 1899.8 795.716 12.8105
c 1561.9 967.887 13.0482
c 1404.22 790.095 16.7354
c 542.776 2489.27 20.6293
c 2192.26 1744.43 12.9505
c 1936.22 937.003 12.1829
c 617.816 923.11 17.3218
c 2161.4 1241.66 12.2441
