stroke 0.592157 0.811765 0.564706
c 1670.47 1996.88 9.4607
c 1518.39 2040.54 18.509
c 1618.36 1317.16 9.73413
c 2138.61 1728.69 6.10394
c 414.894 1282.77 26.2872
c 676.09 1127.68 25.2351
c 880.818 2549.19 9.80759
c 1179.54 766.918 18.6288
c 1180.58 1920.7 43.0783
c 1181.57 2115.59 33.4855
c 1386.46 2171.2 31.8357
c 633.011 1303.49 48.0955
c 2199.38 1005.69 10.9168
c 1031.54 2125 28.5293
c 1223.96 658.849 44.5933
c 724.782 1454.35 25.9023
c 999.483 1835.37 17.1438
c 883.1 2152 6.96129
c 1138.52 728.154 31.429
c 1660.55 2607.99 8.30546
c 1268.85 2345.22 12.9634
c 775.262 1230.17 28.7676
c 1927.41 1633.2 9.36317
c 970.613 2139.22 10.7849
c 1794.19 2659.43 36.1196
c 1772.21 2489.49 15.3135
c 475.68 880.762 11.5621
c 862.866 716.757 6.67524
c 827.446 1082.68 12.8896
c 2285.09 1415.39 18.6491
c 1344.86 681.153 35.4785
c 380.378 2581.94 27.4269
c 2192.46 1050.77 19.6915
c 1687.46 1982.65 6.51758
c 1547.32 697.159 15.4369
c 698.081 1497.5 17.253
c 271.065 1346.51 16.0265
c 1859.68 1637.65 12.0873
c 1345.04 1713.88 21.8979
c 1033.97 2100.07 24.3524
c 798.568 1249.91 20.8117
c 1843.88 1351.31 37.2297
c 2276.83 1308.66 19.8758
c 1887.76 2423.09 16.8977
c 2132.76 1271.88 33.3316
c 1540.37 2250.8 10.538
c 526.317 1248.45 36.0327
c 922.095 654.278 8.20331
c 1207.76 1745.27 20.1345
c 978.128 1955.76 20.4471
c 343.114 2569.84 26.767
c 1038.96 2350.49 7.59875
c 1351.13 2011.7 41.0978
c 1059.82 2117.36 34.4663
c 1625.85 696.805 9.71054
c 1671.47 2507.1 8.62385
c 376.968 2386.25 7.12601
c 1696.27 1047.21 7.08082
c 1810.26 1367.81 32.0002
c 615.784 1455.23 40.7904
c 2167.13 1686.57 7.25423
c 1450.16 1783.14 18.068
c 415.029 1518.79 22.9408
c 2080.92 1066.45 32.8544
c 2042.76 2331.77 8.48238
c 2008.54 2512.37 24.8378
c 932.823 1449.54 8.90935
c 2049.2 2426.17 12.6728
c 538.558 949.313 18.1391
c 1577.78 699.772 17.7926
c 1119.1 803.56 24.5469
c 900.696 2089.39 11.3037
c 624.376 1010.25 24.579
c 1727.95 1044.89 8.31598
c 409.929 1485.17 26.0545
c 1098.95 845.375 13.0033
c 674.176 1599.56 18.5115
c 1721.45 2004.23 8.68935
c 1388.26 1901.51 38.3487
c 1379.06 2247.79 24.667
c 1706.98 1548.28 7.42114
c 565.548 1688.06 6.786
c 419.363 912.539 11.1297
c 2074.12 1063.19 34.4648
c 330.53 1185.71 23.2148
c 1219.4 1582.53 7.68793
c 1643.44 636.335 9.01795
c 1148.66 1921.96 27.1065
c 1130.8 1641.89 9.70214
c 377.873 1279.84 43.7496
c 653.114 2573.66 25.3398
c 2031.66 1522.36 34.342
c 2128.94 2395.58 8.42055
c 1228.03 1704.58 14.3219
c 977.454 841.541 7.7029
c 457.741 1298.55 28.9812
c 2040.01 1101.83 27.7862
c 1594.12 1895.03 11.4135
c 386.734 1287.66 30.876
c 1282.8 2132.45 33.5102
c 1643.8 2500.91 6.48329
c 1118.13 874.853 10.4982
c 1309.13 2031.01 44.774
c 1455.92 715.042 27.9873
c 1845.9 2657.39 24.9581
c 2075.94 1110.56 26.6126
c 1412.34 656.297 37.8119
c 1727.73 1425.54 14.1521
c 1366.32 2446.38 7.43893
c 1224.89 1920.86 28.6896
c 1951.8 1563.95 22.5209
c 1563.79 2120.35 19.4481
c 276.648 1344.58 18.2552
c 2229.33 2572.02 24.2784
c 992.449 1932.12 23.9484
c 631.018 2476.21 20.1701
c 475.886 2305.85 8.28911
c 663.793 2528.76 23.1366
c 2232.18 1560.22 14.1637
c 1915.99 1491.59 26.8026
c 1483.68 2099.44 25.1679
c 1329.66 2307.96 16.2829
c 1295.52 1841.67 36.5678
c 321.816 1602.53 7.9901
c 1920.33 1095.91 30.634
c 1248.9 1578.65 7.95995
c 2236.17 1325.61 35.203
c 2243.44 1068.1 13.9562
c 2096.11 1510.57 30.5882
c 1534.64 1921.59 15.0458
c 2096.81 922.965 12.769
c 329.641 2554.48 16.0832
c 1693.26 1528.84 6.60893
c 1751.59 635.212 6.06394
c 1498.97 2190.76 22.9333
c 805.565 2567.03 18.2136
c 1081.3 1914.84 27.345
c 1373.45 1865.01 41.6618
c 533.254 1566.35 19.1935
c 914.932 2664.52 13.686
c 2073.72 2550.22 23.3148
c 1200.86 2069.67 29.0528
c 1962.1 1339.71 31.4147
c 752.916 1020.86 10.6858
c 2264.46 1368.54 23.9965
c 307.82 969.762 6.39899
c 843.192 2574.4 12.469
c 304.692 1447.9 18.4345
c 1170.63 1911.27 26.1406
c 1050.36 2133.97 28.8647
c 740.332 1677.35 6.54796
c 1072.55 1848.39 30.4267
c 1510.99 2183.86 23.2914
c 2014.54 1401.91 41.8368
c 769.553 1162.31 25.0816
c 1044.89 2066.38 34.6694
c 1414.25 2118 28.615
c 1376.37 1960.88 46.4743
c 1141.97 1724.33 20.4424
c 1382.74 980.389 7.71752
c 1926.44 1685.94 9.32209
c 630.894 2436.54 17.7793
c 284.98 2656.02 26.6494
c 1595.01 634.967 20.4141
c 1620.74 2591.66 8.03141
c 997.669 1948.53 14.0296
c 2107.34 2591.11 23.0183
c 2265.55 1426.71 23.6055
c 1244.38 1022 6.02576
c 1848.56 2527 28.2384
c 2086.82 2324.23 6.66591
c 433.097 1229.71 48.8785
c 1558.76 1304.48 8.56346
c 1250.14 2042.47 57.8087
c 493.911 1281.71 35.8909
c 2086.14 1075.31 33.1957
c 889.857 1470.94 7.55846
c 1036.53 2345.39 7.60191
c 1228.09 729.933 29.415
c 2128.83 2601.09 27.4673
c 1520.74 816.838 9.81063
c 1616.82 1906.43 9.93534
c 2077.9 1353.1 39.9169
c 1497.29 2385.49 7.28417
c 1677.95 1207.21 14.9641
c 1343.04 701.534 31.7256
c 908.102 2114.12 9.08493
c 993.779 1849.52 12.8638
c 2018.72 2320.3 10.5036
c 2139.06 1158.69 37.538
c 353.13 1578.3 14.7638
c 1138.25 2325.46 13.5728
c 1318.46 1803.13 21.3063
c 1248.31 1946.59 29.2554
c 462.364 1480.16 24.2685
c 1333.35 1036.36 6.03539
c 1458.32 2369.05 8.4033
c 1960.48 2557.59 39.4965
c 1773.24 1419.07 28.7513
c 271.046 1040.24 12.6674
c 1209.73 2143.41 39.1486
c 1259.77 705.633 27.2139
c 461.407 1709.34 6.57635
c 379.701 1401.3 31.7073
c 2009.45 1586.53 20.2418
c 1175.3 856.948 19.9434
c 922.654 1893.55 7.68463
c 546.895 2347.3 9.32275
c 1774.41 2655.28 28.4748
c 1967.88 2631.97 43.2959
c 853.199 1444.41 14.7335
c 1604.55 1826.32 7.28468
c 919.501 1937.59 15.5614
c 561.999 1197.76 45.9069
c 828.794 1305.77 21.5462
c 513.433 950.19 20.3367
c 2089.52 818.854 6.44145
c 1577.45 1244.01 8.39072
c 980.633 1216.22 7.79875
c 1389.11 1838.06 36.9472
c 1971.44 1127.41 24.6323
c 2058.42 2396.46 12.4375
c 1332.84 709.775 28.9823
c 442.807 1225.99 30.7982
c 1312.62 1595.4 9.2122
c 276.413 1484.77 11.0655
c 795.338 2044.78 6.63131
c 1640 1908.12 7.79755
c 359.555 1453.21 19.3197
c 2058.06 2487.23 19.0261
