c 327.599 879.914 42.6422
c 488.528 2617.67 41.0927
c 479.438 793.857 40.9278
c 2258.35 668.589 42.8296
c 442.274 2460.38 41.1198
c 475.419 2617.91 41.4093
c 303.676 691.282 42.0428
c 492.542 715.445 42.3085
c 2057.47 776.138 41.5284
c 2267.93 2576.88 40.6302
c 2210.76 2615.13 42.7619
c 343.722 2577.49 40.6621
c 1928.08 675.392 41.1237
c 2166.33 2533.92 41.8118
c 374.692 854.425 42.0902
c 2132.47 2634.55 44.0998
c 2266.22 2397.02 43.1344
c 2136.85 706.937 41.5292
c 433.42 2567.55 42.1622
c 1952.59 2669.87 42.2395
