c 255.016 898.337 20.3615
c 350.971 2014.88 15.8655
c 2161.77 1412.34 13.4385
c 1950.17 700.527 11.3989
c 1037.17 766.358 12.5032
c 1656.02 1831.51 9.41347
c 2112.05 2184.88 11.9262
c 351.828 2131.61 13.0565
c 1545.58 2173.08 12.367
c 1000.29 1133.96 12.2459
c 1729.23 2166.85 11.5683
c 403.279 1918.53 16.5801
c 811.328 1520.28 9.45394
c 987.901 969.675 11.0112
c 2086.22 2484.78 11.467
c 2100.49 1659.23 12.2886
c 905.827 2642.75 14.9
c 797.935 815.095 17.9053
c 405.448 1651.44 11.7049
c 820.247 2494.19 14.0294
c 1202.47 2549.6 9.15689
c 1808.49 2201.22 13.9588
c 510.745 662.37 19.401
c 2026.22 1914.27 13.6655
c 1734.84 2668.89 19.722
c 730.718 1254.9 9.29574
c 1095.64 2346.68 9.20913
c 840.913 993.788 8.9925
c 1781.52 1761.35 10.6806
c 1529.69 2347.76 8.63137
c 689.013 2088.01 8.31176
c 440.62 1190.16 9.14898
c 1100.16 684.828 15.9818
c 2168.31 1119.42 11.587
c 902.781 2439.46 14.0135
c 561.684 2019.95 10.9872
c 1452.86 2354.97 11.6341
c 2204.03 1764.54 10.3202
c 2260.94 1463.88 10.8779
c 1407.39 1144.34 8.45722
c 1201.62 2590.63 10.1883
c 662.505 1281.27 11.7623
c 513.493 1958.56 13.0917
c 1893.27 1135.6 11.7144
c 2094.41 1500.05 9.32365
c 2187.87 1467.04 10.1221
c 2061.72 818.034 12.3893
c 399.97 1375.29 11.0734
c 530.623 2227.63 13.1526
c 2155.62 1959.36 10.8971
c 1641.37 2484.2 10.9872
c 2011.15 1591.38 11.1559
c 1479.8 2297.83 12.1775
c 1197.98 2570.79 14.5184
c 1151.23 2312.38 11.6384
c 1687.5 2643.78 19.755
c 1991.59 1220.21 12.5835
c 1304.45 841.005 11.2786
c 1431.5 2418.19 11.1917
c 1743.69 2403.3 14.7504
c 1888.47 2071.33 12.9824
c 293.949 2437.5 17.6352
c 1200.18 762.995 14.7718
c 662.092 2499.93 18.4405
c 2070.64 1739.65 9.00578
c 1173.71 2648.3 11.5809
c 2053.27 1527.04 11.4517
c 1900.57 1374.92 8.44064
c 2293.2 943.353 18.6122
c 1512.35 631.214 9.87723
c 1832.64 2113.76 9.63299
c 1107.16 2022.29 8.01124
c 673.734 2336.3 15.0375
c 1945.56 822.88 10.8372
c 690.635 795.364 13.5862
c 2197.41 2562.99 16.1195
c 804.198 2042.02 8.21935
c 1839.81 2229.08 11.3389
c 646.321 2635.8 13.5025
c 1927.24 908.368 13.1441
c 1481.06 990.836 12.8441
c 576.772 2645.39 14.1141
c 731.542 837.34 11.3662
c 1549.82 2049.85 9.65863
c 1675.34 2166 11.227
c 1547.2 745.139 14.4788
c 718.096 1280.31 11.6397
c 494.571 2185.64 13.8458
c 1689.1 921.812 9.52766
c 1245.06 2384.86 13.3887
c 531.078 1708.24 9.79068
c 783.039 1385.26 8.31542
c 824.758 789.657 12.6951
c 773.001 2000.44 10.7241
c 1303.43 2116.36 9.01306
c 2182.3 1569.82 17.0475
c 2267.47 936.803 18.834
c 1946.65 660.499 14.1021
c 798.891 2608.98 12.5487
c 1976.71 2045.81 11.5662
c 1921.89 675.051 12.6061
c 1697.18 2073.97 9.03146
c 1443.14 2163.49 11.5958
c 1674.19 1200.2 11.0688
c 604.205 638.678 16.7645
c 418.03 962.685 19.5818
c 1852.3 2153.23 10.9553
c 267.937 1822.97 14.6905
c 391.374 1739.81 11.9592
c 695.285 1416.97 10.572
c 1599.47 2077.01 8.90949
c 826.789 2294.5 10.6738
c 466.746 1692.76 14.1628
c 705.198 742.769 10.782
c 581.959 2106.48 10.5564
c 358.229 1604.72 12.8858
c 838.323 2330.71 13.5141
c 372.25 2643.24 17.8887
c 258.381 2376.63 11.8343
c 1762.48 2015.84 9.79503
c 327.599 879.914 22.2342
c 639.083 1346.69 11.519
c 1494.53 886.903 12.1936
c 2201.22 1358.13 17.0373
c 2242.47 1158.39 12.7427
c 1120.65 2288.62 12.8224
c 753.956 2181.66 12.6357
c 1176.78 1167.79 9.05523
c 492.805 1057.51 10.413
c 1370.83 642.402 11.286
c 1657.33 1395.63 9.49998
c 507.22 2615.63 11.7062
c 418.92 1638.26 14.7735
c 2160.42 1140.32 13.1521
c 1823.99 1649.91 10.3065
c 1625.68 2020.6 9.80583
c 329.19 1100.37 12.5237
c 1587.14 968.492 13.0751
c 580.906 727.183 17.846
c 509.888 2566.28 16.3998
c 1521.93 2494.61 8.69299
c 1465.83 2102.62 8.12588
c 364.537 1530.93 13.4382
c 1829.77 763.327 14.2366
c 2248.45 1584.19 12.3673
c 604.614 1389.94 14.0678
c 2223.3 1150.11 10.7846
c 507.651 1703.73 8.87907
c 1311.12 844.577 14.6403
c 1710.63 1806.62 9.74031
c 1801.82 2336.66 14.3187
c 1048.68 2537.89 14.1779
c 469.137 1071.43 17.0046
c 1330.98 1994.39 7.99746
c 752.251 2081.59 8.74851
c 1035.96 795.251 12.5545
c 730.049 2252.52 11.9296
c 261.587 1172.88 17.4141
c 1122.39 1011.12 13.2629
c 528.44 2253.55 17.8648
c 963.883 1226.63 8.60973
c 1939.71 2332.05 15.7435
c 927.046 2266.25 11.686
c 347.495 714.498 13.3761
c 1819.81 755.932 15.0045
c 2150.47 1079.85 11.8746
c 436.545 2057.37 15.2855
c 1264.05 1164.03 9.22325
c 1026.87 1039.31 8.3489
c 2248.57 1536.82 9.66085
c 1323.49 694.543 16.0477
c 1461.84 2308.7 9.2771
c 728.439 1724.52 8.45916
c 1078.31 2644.14 18.8967
c 1990.08 2399.73 12.8387
c 557.716 2665.1 18.7621
c 1209.87 2531.11 14.4867
c 1918.43 1734.73 10.525
c 579.801 2558.31 19.3983
c 572.044 713.792 14.5996
c 479.44 826.938 16.1865
c 300.706 1775.43 17.3779
c 1679.86 676.511 11.8418
c 542.049 2509.08 12.8691
c 308.733 2039.9 17.3339
c 1710.94 787.742 14.6732
c 2143.03 2526.58 16.2629
c 1287.18 2325.76 13.2561
c 1482.34 2106.63 8.37453
c 1256.27 959.296 13.8875
c 1426.69 1187.43 8.26121
c 1155.28 938.482 10.9248
c 1746.98 694.579 10.5426
c 755.09 848.648 12.6429
c 2162.91 2204.94 14.9447
c 1490.3 1201.41 9.33554
c 1337.2 2544.04 10.7104
c 2132.31 2020.24 16.3374
c 2090.02 1142.9 15.1596
c 264.824 2539.31 14.7915
c 2006.88 1199.01 16.3563
c 1288.91 880.818 10.8424
c 1818 833.726 13.4658
c 957.936 1236.01 9.96861
c 488.528 2617.67 21.3977
c 585.896 955.543 9.86503
c 559.473 1584.93 10.0064
c 2057.76 1495.23 11.1332
c 1916.41 2461.22 18.7597
c 2093.48 2200.89 10.9972
c 1422.78 694.064 16.6592
c 1320.32 2387.71 9.46761
c 2028.77 1827.2 10.689
c 1911.27 1702.37 12.8174
c 2051.8 1319.69 9.81719
c 1770.98 2096.6 12.8522
c 403.653 2078.63 17.4161
c 988.134 813.3 9.95708
c 1105.26 826.714 13.774
c 1402.73 2288.62 12.6029
c 1824.49 1925.82 12.1732
c 2046.96 1622.4 8.54799
c 503.349 786.716 12.3055
c 1052.57 2620.8 15.4205
c 1644.65 2483.73 11.9837
c 2007.79 2250.33 12.9719
c 404.962 1647.21 12.5541
c 2158 1242.25 10.6376
c 479.438 793.857 21.4009
c 1087.68 1116.36 11.8271
c 1955.29 1034.08 9.98628
c 655.467 1321.8 11.2011
c 1131.12 933.526 12.2696
c 2285.62 2054.06 14.318
c 1987.53 2301.84 16.5451
c 1018.47 649.6 14.4458
c 1885.03 1399.82 9.19782
c 1049.58 1311.99 8.04502
c 550.591 1224.71 13.7019
c 1997.91 1271.99 9.1831
c 1483.59 641.4 18.708
c 793.832 1223.64 12.1811
c 508.757 1924.62 8.40191
c 1876.56 1774.27 8.26551
c 1722.08 2347.77 10.0149
c 405.655 1043 15.6341
c 1951.31 1492.01 12.9801
c 852.809 999.639 10.4571
c 2160.58 1832.42 11.9564
c 1082.8 732.982 12.9972
c 1470.69 2156.55 10.8948
c 522.287 843.342 17.1967
c 1955.09 1815.82 11.7762
c 2258.35 668.589 22.2852
c 652.145 2604.16 16.1684
c 823.743 2098.38 10.4798
c 1962.65 2332.77 15.3578
c 1745.11 1941.77 7.99784
c 2028.14 1532.44 14.5729
c 819.402 2571.58 10.8644
c 1103.66 2336.21 14.0482
c 1923.94 2526.98 17.0076
c 751.186 2550.51 15.7026
c 512.109 1133.83 16.7331
c 655.203 962.434 16.3505
c 1625.16 1428.77 9.00749
c 1616.39 865.837 8.34236
c 1426.67 695.829 12.4723
c 1999.37 1386.51 12.7372
c 1430.92 752.318 15.3321
c 442.274 2460.38 21.5095
c 1467.08 697.327 15.683
c 1237.71 1185.78 10.1751
c 753.372 2574.65 14.7594
c 514.259 2591.33 20.7675
c 698.516 644.296 19.2038
c 357.802 2588.51 19.0367
c 1424.74 909.671 8.51588
c 1937.24 1653.78 11.2567
c 2097.24 1994.57 11.0283
c 750.723 881.826 15.4515
c 1577.07 1040.48 12.8339
c 301.015 845.347 13.7782
c 991.374 2220.5 11.3415
c 575.595 1225.87 9.40394
c 711.341 1999.56 9.56084
c 2063.48 1811.9 10.6535
c 1146.97 2057.26 9.01607
c 1870.64 2362.1 11.4464
c 794.91 976.72 12.4451
c 404.295 2667.42 20.2985
c 504.33 965.783 13.8871
c 1832.33 1065.68 11.414
c 322.478 2525.82 12.8279
c 798.225 1613.38 9.54733
c 780.35 1066.39 9.77276
c 1031.48 1054.57 12.8178
c 1813.69 1887.79 9.78715
c 981.922 2482.01 10.2504
c 487.778 2243.93 15.9442
c 292.232 2155.86 11.5271
c 2080.73 1965.44 11.3353
c 1035.12 1068.7 8.69439
c 291.282 2495.31 20.7079
c 1057.64 2119.17 10.3237
