stroke 0.0666667 0.580392 0.384314
c 255.479 2560.11 14.7719
c 1804.39 2635.35 28.7658
c 338.205 1660.33 6.20498
c 2072.65 904.342 8.7545
c 1280.04 640.745 42.65
c 1485.49 1995.37 38.1622
c 1040.41 2278.04 14.0438
c 1119.83 798.211 24.4246
c 2213.73 1468.78 20.6066
c 1641.82 1855.38 8.73213
c 623.376 2566.04 32.489
c 624.85 818.378 6.7801
c 1842.02 2660.24 35.024
c 2151.56 1193.54 41.2925
c 539.769 906.801 11.6041
c 1419.82 1852.5 34.8085
c 892.406 1475.63 10.5446
c 2159.08 1097.97 25.5973
c 1979.67 846.518 8.80921
c 1807.36 1601.1 11.327
c 351.725 2438.06 8.16189
c 1810.21 2636.82 31.1776
c 2286.53 1016.9 8.48552
c 1067.35 2126.15 24.4812
c 1197.15 873.003 11.2109
c 323.33 2576.98 23.2538
c 1170.51 1930.53 43.6947
c 1775.78 1162.82 28.1949
c 1743.61 1114.79 12.2974
c 1129.75 2274.83 16.2263
c 534.315 1032.54 23.8188
c 1328.42 1873.83 38.0006
c 1606.02 2026.14 15.573
c 2133.67 2329.02 7.73062
c 1889.78 1726.73 6.08003
c 443.067 1517.92 21.0325
c 1416.68 2191.03 34.4077
c 524.09 2588.75 38.0773
c 363.693 1638.97 9.23986
c 1245.88 1790.77 23.8259
c 1939.62 911.254 8.8792
c 2024.39 1733.69 8.79955
c 1352.7 2016.15 31.7749
c 1138.4 840.156 15.9058
c 870.058 1235.82 13.0403
c 299.084 1029.97 9.79938
c 1423.46 1815.1 28.8775
c 2090.35 2579.86 30.5468
c 1618.32 691.959 11.0468
c 1684.14 1279.64 13.5428
c 1296.26 2018.98 42.9319
c 661.975 2577.67 27.306
c 1255.64 666.417 27.3627
c 1339.69 1598.65 7.6576
c 2011.93 2336.39 8.98858
c 2132.1 2439.8 14.4593
c 1202.94 2300.81 17.7111
c 1462.24 821.042 19.777
c 316.819 1255.08 34.1437
c 339.707 2425.65 11.7566
c 260.91 2044.17 8.77745
c 1322.14 2419.33 10.9794
c 1514.37 1934.92 31.2245
c 437.952 1224.37 48.228
c 1396.9 2275.81 18.8043
c 377.332 2377.15 7.09567
c 1567.89 1736.72 9.01046
c 1107.91 2380.83 8.87376
c 1574.48 2288.57 6.96077
c 1468.96 1674.11 6.34769
c 896.635 1142.66 11.6809
c 2044.41 1544.97 19.4233
c 845.308 1413.56 16.1018
c 1301.6 1981.52 53.3725
c 680.337 1108.97 20.6463
c 1219.17 1754.66 27.1049
c 2030.56 1416.12 41.1539
c 531.15 890.34 12.8491
c 266.206 1284.19 24.7769
c 1223.54 1799.09 34.4239
c 1829.06 1200.37 24.4294
c 1520.93 1973.06 18.9088
c 1434.67 651.347 40.5743
c 921.085 2036.68 11.8375
c 599.274 1405.13 27.8064
c 1521.54 2073.81 18.8863
c 1744.36 1428.54 24.3538
c 2255.79 2582.79 18.2327
c 1701.61 1038.79 10.3883
c 1092.61 2317.77 8.86942
c 404.78 2667.27 34.944
c 575.492 1547.95 26.783
c 440.698 2501 25.3549
c 1872.17 1505.48 29.5173
c 1781.63 1598.42 9.08662
c 577.982 2589.8 30.6099
c 898.429 695.771 10.7215
c 543.415 988.21 15.8183
c 1338.68 947.312 8.1969
c 1625.49 746.786 6.29723
c 2014.52 1007.69 24.365
c 358.561 1064.96 19.5249
c 559.112 1632.83 10.2292
c 892.519 1337.74 17.7844
c 452.601 2636.49 48.2218
c 298.195 2416.37 6.11725
c 529.7 997.279 26.6454
c 1121.49 2209.04 21.4288
c 1621.35 2651.09 7.75863
c 1966.41 2370.85 10.5922
c 971.011 669.445 21.2152
c 901.985 1314.58 9.21605
c 1709.83 2566.29 14.0492
c 1307.47 681.871 34.5564
c 341.173 2583.18 26.7413
c 1839.03 1359.32 36.2583
c 519.65 1397.35 52.7713
c 1078.01 1814.17 13.9435
c 1815.79 2447.5 15.7273
c 620.34 2542.87 30.7476
c 725.849 1032.97 22.0621
c 1996.67 930.856 15.4124
c 2174.47 2567.38 25.957
c 1605.28 1893.31 9.25241
c 372.392 958.254 10.0874
c 1479.89 1657.82 8.92914
c 894.544 682.957 7.63589
c 593.936 1452.35 25.0024
c 2120.96 931.146 8.03569
c 1932.68 2482.51 19.6458
c 1811.47 1380.43 30.5432
c 2264.9 2661.77 18.4014
c 571.787 2512.41 30.3052
c 1229.19 717.807 32.753
c 1297.72 2106.97 37.6958
c 608.446 2551.91 22.5213
c 982.997 2201.02 10.3536
c 1118.99 920.784 9.80272
c 634.586 1248.95 37.7024
c 1282.94 2451.43 6.12435
c 2046.83 1428.47 32.8948
c 973.873 1842.01 12.0884
c 1585.46 1251.49 7.22814
c 926.616 1155.58 6.59751
c 1742.16 1193.91 26.8565
c 1838.84 2319.81 6.10158
c 673.87 2586.19 30.6924
c 868.13 1465.71 8.38588
c 755.46 940.715 9.53436
c 263.611 2552.49 16.9383
c 2069.02 984.092 15.6157
c 349.004 1587.79 7.64585
c 2058.73 1575.79 14.6469
c 2013.52 2551.67 23.0964
c 1230.83 1825.06 38.1486
c 719.063 1218 30.3362
c 605.345 1435.51 31.7315
c 2235.93 1284.68 31.8617
c 1652.43 689.573 10.578
c 962.724 2151.35 9.4756
c 392.663 971.998 14.2711
c 1190.64 1641.73 9.64318
c 1767.41 1251.17 29.6355
c 1633.37 2627.56 8.86341
c 1981.7 2317.96 8.78703
c 1207.29 1891.41 35.901
c 2193.43 1039.59 17.0716
c 1869.26 1519.18 25.486
c 2074.19 2333.22 7.40722
c 609.122 1679.48 8.67944
c 2045.74 1546.64 30.2045
c 2153.61 910.257 10.9485
c 257.724 1524.65 11.4548
c 1195.38 1787.66 28.697
c 997.299 1841.44 17.2836
c 2118.43 1223.23 38.1817
c 349.423 2515.81 20.4592
c 409.304 1183.06 35.2978
c 1234.65 816.179 29.5353
c 1363.17 2459.27 7.54356
c 860.584 1125.45 15.9166
c 1848.26 1464.79 27.8324
c 2061.09 2443.03 13.377
c 724.972 2604.89 28.198
c 1793.21 2501.38 18.2053
c 1937.54 2649.82 45.6873
c 1512.36 793.602 17.1562
c 1176.28 983.503 6.24546
c 926.172 1849.64 8.30089
c 1912.76 2349.89 10.2287
c 1299.07 2265.36 20.8155
c 667.092 860.117 7.74027
c 1481.49 2149.4 32.4003
c 846.682 2064.79 9.3363
c 1157.21 704.461 31.2334
c 1946.21 1425.1 38.2397
c 2276.48 1505.32 12.6301
c 494.113 2647.91 27.5886
c 1804.33 1592.95 10.491
c 653.844 2592.62 32.564
c 1614.91 2543.49 6.25305
c 654.99 1460.35 20.4333
c 2271.75 1571.38 9.62698
c 1735.5 1481.65 14.0086
c 2135.69 1643.66 8.8018
c 1662.65 1110.29 12.3114
c 1118.33 2127.8 41.1494
c 1218.67 1551.01 7.17798
c 1894.2 2464.99 24.3689
c 1855.53 1318.3 41.7986
c 1841.44 1058.1 27.7632
c 1307.12 892.148 18.1019
c 1431.83 1864.81 24.4199
c 919.589 1375.84 12.7167
