stroke 0.901961 0.921569 0.560784
c 1190.65 1716.85 14.6573
c 2161.77 1412.34 31.036
c 1335.59 1999.14 29.0571
c 1037.17 766.358 15.0639
c 1656.02 1831.51 8.4131
c 1981.18 1704.93 6.1146
c 1545.58 2173.08 22.3761
c 811.328 1520.28 13.7621
c 2086.22 2484.78 15.8169
c 2100.49 1659.23 10.536
c 905.827 2642.75 11.2675
c 405.448 1651.44 8.64731
c 820.247 2494.19 10.1185
c 1734.84 2668.89 27.0228
c 730.718 1254.9 29.3463
c 1302.08 1835.87 41.0533
c 1095.64 2346.68 8.54041
c 1102.41 1726.1 13.8529
c 1421.18 2266.91 13.467
c 1345.28 1646.9 15.2111
c 440.62 1190.16 25.0059
c 1100.16 684.828 32.7502
c 2168.31 1119.42 21.0828
c 1452.86 2354.97 10.1106
c 2260.94 1463.88 12.7859
c 662.505 1281.27 43.0376
c 1893.27 1135.6 31.9924
c 2094.41 1500.05 20.6151
c 2187.87 1467.04 17.7285
c 399.97 1375.29 28.6629
c 2011.15 1591.38 18.9177
c 1479.8 2297.83 14.6299
c 1151.23 2312.38 18.3054
c 1687.5 2643.78 20.006
c 1991.59 1220.21 44.1512
c 1304.45 841.005 19.7426
c 1431.5 2418.19 6.0499
c 1743.69 2403.3 6.02196
c 293.949 2437.5 7.82593
c 1200.18 762.995 32.6769
c 1252.44 1992.07 49.2602
c 662.092 2499.93 27.6203
c 2053.27 1527.04 25.0848
c 1900.57 1374.92 30.4798
c 1512.35 631.214 16.8073
c 1107.16 2022.29 38.9851
c 673.734 2336.3 7.90674
c 2197.41 2562.99 20.9778
c 646.321 2635.8 30.3885
c 1927.24 908.368 10.0187
c 576.772 2645.39 34.0709
c 1549.82 2049.85 26.4607
c 1675.34 2166 7.41426
c 1547.2 745.139 15.4302
c 718.096 1280.31 38.8247
c 1384.98 1829.5 25.7606
c 1245.06 2384.86 14.8177
c 1390.94 2137.55 30.2766
c 531.078 1708.24 7.19322
c 1454.76 1686.89 9.88243
c 783.039 1385.26 22.2323
c 1166.61 1600.83 6.67089
c 1303.43 2116.36 46.5497
c 2182.3 1569.82 18.3778
c 1604.17 1449.74 6.58453
c 1566.68 1744.12 9.6184
c 798.891 2608.98 16.6744
c 1697.18 2073.97 7.49205
c 1443.14 2163.49 36.9768
c 1674.19 1200.2 17.1544
c 418.03 962.685 17.339
c 695.285 1416.97 33.506
c 1599.47 2077.01 16.4262
c 1654.65 1262.74 9.53183
c 466.746 1692.76 9.94558
c 358.229 1604.72 10.314
c 1433.66 2019.58 31.7395
c 372.25 2643.24 31.7741
c 639.083 1346.69 43.043
c 1494.53 886.903 8.16773
c 2201.22 1358.13 36.7183
c 2242.47 1158.39 18.6729
c 1120.65 2288.62 21.2622
c 492.805 1057.51 20.2008
c 1370.83 642.402 30.1818
c 1657.33 1395.63 14.8396
c 507.22 2615.63 26.1457
c 418.92 1638.26 12.9607
c 2160.42 1140.32 26.5925
c 1823.99 1649.91 8.91455
c 1625.68 2020.6 16.6519
c 329.19 1100.37 16.4327
c 1402.71 1961.35 40.6365
c 509.888 2566.28 32.8961
c 1465.83 2102.62 29.7671
c 364.537 1530.93 17.8652
c 2248.45 1584.19 7.70125
c 1164.7 2146.28 27.4883
c 604.614 1389.94 50.842
c 2223.3 1150.11 17.0235
c 507.651 1703.73 6.46181
c 1311.12 844.577 25.0736
c 993.651 1730.59 7.12156
c 469.137 1071.43 33.5121
c 1330.98 1994.39 53.9114
c 1035.96 795.251 13.1178
c 261.587 1172.88 20.3146
c 528.44 2253.55 6.09791
c 963.883 1226.63 8.10711
c 1939.71 2332.05 9.59302
c 2150.47 1079.85 19.6226
c 1144.64 1587.78 7.26024
c 2248.57 1536.82 8.40025
c 1323.49 694.543 43.0563
c 1461.84 2308.7 11.3286
c 1990.08 2399.73 12.8776
c 557.716 2665.1 46.2044
c 1918.43 1734.73 6.0435
c 579.801 2558.31 39.323
c 1309.49 2006.03 50.8746
c 1623.82 1335.58 7.81857
c 542.049 2509.08 22.0439
c 1030.43 1825.47 13.2851
c 2143.03 2526.58 22.5508
c 1287.18 2325.76 23.439
c 1482.34 2106.63 28.1706
c 1256.27 959.296 12.5887
c 1680.06 1990.78 6.9113
c 1374.42 1875.9 38.1307
c 1265.06 1796.03 30.7477
c 1155.28 938.482 8.91899
c 1380.73 1848.22 33.5651
c 1247.83 1956.26 48.8184
c 1098.53 1848.85 30.3656
c 2090.02 1142.9 38.4114
c 264.824 2539.31 10.771
c 2006.88 1199.01 54.5882
c 1288.91 880.818 15.788
c 957.936 1236.01 10.0837
c 945.56 1304.75 6.91568
c 488.528 2617.67 46.7853
c 585.896 955.543 11.2692
c 559.473 1584.93 17.9663
c 2057.76 1495.23 27.4923
c 1916.41 2461.22 24.871
c 1422.78 694.064 36.7048
c 1320.32 2387.71 10.0391
c 1911.27 1702.37 9.57812
c 1111.88 1812.92 27.223
c 2051.8 1319.69 34.4568
c 988.134 813.3 6.66534
c 1105.26 826.714 17.8326
c 1402.73 2288.62 23.134
c 2046.96 1622.4 11.2525
c 1229.39 2075.52 35.1186
c 404.962 1647.21 9.56692
c 1174.5 1649.3 12.7132
c 2158 1242.25 27.2735
c 1955.29 1034.08 18.4874
c 655.467 1321.8 41.7021
c 1153.15 1824.78 26.5131
c 1131.12 933.526 9.28269
c 2285.62 2054.06 6.06712
c 1987.53 2301.84 8.35518
c 1018.47 649.6 21.8592
c 1558.68 1948.85 22.2451
c 1885.03 1399.82 31.5172
c 550.591 1224.71 48.1706
c 1997.91 1271.99 33.5072
c 1483.59 641.4 35.8106
c 1034.19 1683.72 6.09057
c 793.832 1223.64 29.8842
c 405.655 1043 21.9755
c 1951.31 1492.01 36.2352
c 1199.64 1910.77 50.0331
c 1082.8 732.982 22.1837
c 1470.69 2156.55 31.957
c 522.287 843.342 7.80637
c 652.145 2604.16 34.1473
c 823.743 2098.38 6.08831
c 1962.65 2332.77 9.68743
c 1346.15 1984.86 37.4731
c 2028.14 1532.44 32.6403
c 819.402 2571.58 11.5215
c 1103.66 2336.21 14.8961
c 1923.94 2526.98 30.1432
c 751.186 2550.51 21.5797
c 512.109 1133.83 45.4563
c 655.203 962.434 17.6782
c 1483.91 1901.41 32.2834
c 1625.16 1428.77 10.2904
c 1634.17 1912.66 11.0876
c 1426.67 695.829 27.0608
c 1999.37 1386.51 45.2654
c 1430.92 752.318 28.406
c 825.166 1532.95 7.64946
c 442.274 2460.38 24.8147
c 1467.08 697.327 29.3529
c 1248.91 1791.45 35.7779
c 1141.39 2034.73 30.534
c 753.372 2574.65 21.8068
c 514.259 2591.33 44.5277
c 357.802 2588.51 27.747
c 1424.74 909.671 7.39908
c 1937.24 1653.78 12.8903
c 1285.32 1703.97 13.6546
c 991.374 2220.5 14.1929
c 1614.38 1815.18 7.5922
c 575.595 1225.87 33.557
c 1146.97 2057.26 46.5464
c 1870.64 2362.1 7.18994
c 794.91 976.72 7.88474
c 404.295 2667.42 41.3489
c 504.33 965.783 16.1983
c 1832.33 1065.68 19.9388
c 322.478 2525.82 12.2537
c 798.225 1613.38 7.57331
c 780.35 1066.39 13.296
c 291.282 2495.31 13.7846
c 1057.64 2119.17 31.7365
c 2045.71 894.403 9.28982
c 2176.82 1368.87 28.8822
c 1977.17 1636.32 16.9735
c 967.28 1204.35 9.47636
c 1532.35 2148.94 15.2811
c 1838.89 1143.99 30.8216
c 1998.39 1271.8 47.1046
c 511.881 1392.27 30.2459
c 2220.02 1108.74 16.7317
c 566.228 875.16 10.9924
